     10   9.0000000000003272E-006
     30   2.0400000000000019E-004
     50   6.4400000000000047E-004
     70   1.6150000000000001E-003
     90   2.6390000000000025E-003
    110   5.9380000000000023E-003
    130   9.3630000000000033E-003
    150   1.5569000000000000E-002
    170   1.8473000000000003E-002
    190   2.7043000000000011E-002
    210   3.5503000000000007E-002
    230   4.7348999999999974E-002
    250   5.9481000000000006E-002
    270   7.3803999999999981E-002
    290  0.11060799999999993     
    310  0.11541100000000015     
    330  0.13882100000000008     
    350  0.18264000000000014     
    370  0.21857399999999982     
    390  0.27890999999999977     
    410  0.29618900000000004     
    430  0.35736899999999983     
    450  0.40927000000000024     
    470  0.47431000000000001     
    490  0.57070199999999982     
    510  0.62562199999999990     
    530  0.74082600000000021     
    550  0.84497999999999962     
    570  0.96560000000000024     
    590   1.0557430000000014     
    610   1.1691239999999983     
    630   1.3598169999999996     
    650   1.5088379999999972     
    670   1.7873480000000015     
    690   1.8839739999999985     
    710   2.2824420000000032     
    730   2.5236950000000036     
    750   2.7132540000000063     
    770   3.0182150000000050     
    790   3.0801090000000002     
    810   3.7276280000000028     
    830   3.8736700000000042     
    850   4.4111259999999959     
    870   5.0960249999999974     
    890   5.3057739999999995     
    910   5.3347570000000104     
    930   6.9818029999999993     
    950   6.3282729999999958     
    970   8.1701249999999845     
    990   7.9411369999999977     
     10   3.9999999999996635E-006
     30   4.6000000000000034E-005
     50   4.6099999999999960E-004
     70   7.5099999999999993E-004
     90   1.5409999999999990E-003
    110   2.0380000000000016E-003
    130   2.6189999999999998E-003
    150   2.7619999999999971E-003
    170   4.8769999999999994E-003
    190   6.2590000000000007E-003
    210   8.3579999999999904E-003
    230   1.0793999999999998E-002
    250   1.6215000000000007E-002
    270   1.6126000000000001E-002
    290   2.0061999999999997E-002
    310   2.5632999999999961E-002
    330   3.1324999999999992E-002
    350   3.8791000000000020E-002
    370   5.0370000000000026E-002
    390   6.9763000000000019E-002
    410   8.5979000000000028E-002
    430  0.11472400000000005     
    450  0.13591599999999993     
    470  0.18381500000000006     
    490  0.20862999999999987     
    510  0.22219800000000012     
    530  0.25982500000000019     
    550  0.34139999999999970     
    570  0.38040900000000022     
    590  0.37935300000000005     
    610  0.47639399999999998     
    630  0.47344499999999989     
    650  0.54421699999999973     
    670  0.57941999999999894     
    690  0.63492299999999879     
    710  0.70261999999999958     
    730  0.77627000000000024     
    750  0.86090599999999995     
    770  0.97134999999999927     
    790   1.0135810000000021     
    810   1.1393810000000002     
    830   1.2600750000000005     
    850   1.4691229999999997     
    870   1.7490670000000001     
    890   1.8062399999999990     
    910   1.6813209999999970     
    930   3.7885689999999954     
    950   2.1206559999999968     
    970   4.9661249999999981     
    990   3.1486639999999966          
