     10   3.2499999999999977E-004
     30   2.5399999999999989E-004
     50   1.1700000000000078E-004
     70   2.3100000000000030E-004
     90   2.3499999999999910E-004
    110   3.0799999999999578E-004
    130   7.1099999999999636E-004
    150   6.6599999999999993E-004
    170   9.8600000000000076E-004
    190   1.1309999999999931E-003
    210   1.6230000000000133E-003
    230   1.7610000000000126E-003
    250   2.0359999999999823E-003
    270   2.7409999999999934E-003
    290   3.7650000000000183E-003
    310   3.4940000000001081E-003
    330   4.3999999999999595E-003
    350   5.3539999999998589E-003
    370   5.9119999999999173E-003
    390   6.8840000000003343E-003
    410   7.8439999999999621E-003
    430   9.1820000000000235E-003
    450   9.7699999999996123E-003
    470   1.1684999999999945E-002
    490   1.4366000000000767E-002
    510   1.4380000000000059E-002
    530   1.8721999999998573E-002
    550   2.6448999999999501E-002
    570   2.1027000000000129E-002
    590   2.2589999999999222E-002
    610   2.4601000000000539E-002
    630   2.6885999999997523E-002
    650   2.9849000000002235E-002
    670   3.2690000000002328E-002
    690   3.6535999999998126E-002
    710   3.8412000000001001E-002
    730   4.0883000000000891E-002
    750   4.5097000000005494E-002
    770   4.9671000000003573E-002
    790   5.9852999999996825E-002
    810   5.8803999999994971E-002
    830   6.1773999999999774E-002
    850   6.3673000000008528E-002
    870   7.8906000000003473E-002
    890   7.2244999999995230E-002
    910   7.9747000000011781E-002
    930   8.4221999999996910E-002
    950   8.7582999999995081E-002
    970   9.6584000000007109E-002
    990  0.10351600000001326     
     10   3.0000000000003982E-006
     30   2.8000000000000247E-005
     50   4.4699999999999948E-004
     70   3.0999999999999951E-004
     90   6.8700000000000011E-004
    110   5.6200000000000000E-004
    130   8.1600000000000075E-004
    150   5.9800000000000131E-004
    170   7.0299999999999530E-004
    190   9.8499999999999976E-004
    210   1.2279999999999930E-003
    230   1.6740000000000088E-003
    250   2.1440000000000070E-003
    270   2.6859999999999939E-003
    290   3.3539999999999959E-003
    310   3.9230000000000098E-003
    330   4.2639999999999900E-003
    350   5.0720000000000209E-003
    370   5.6180000000000119E-003
    390   6.8129999999999580E-003
    410   8.0320000000000391E-003
    430   9.0989999999999682E-003
    450   1.0162000000000226E-002
    470   1.1565000000000047E-002
    490   1.2493000000000087E-002
    510   1.3909999999999645E-002
    530   1.6890000000000072E-002
    550   1.9813000000000081E-002
    570   2.0904999999999951E-002
    590   2.4164999999999992E-002
    610   2.8268999999999878E-002
    630   2.6409000000000127E-002
    650   2.9177999999999926E-002
    670   3.1841000000000008E-002
    690   3.4587999999999397E-002
    710   3.8741999999999166E-002
    730   5.7071000000000538E-002
    750   5.1033000000000328E-002
    770   4.8161999999999594E-002
    790   5.5741999999998626E-002
    810   5.6197000000000941E-002
    830   6.2277000000001692E-002
    850   6.3074999999997772E-002
    870   9.7036000000002787E-002
    890   7.2133000000000891E-002
    910   7.6875000000001137E-002
    930   8.1299999999998818E-002
    950   8.9705999999999619E-002
    970   9.1734999999999900E-002
    990   9.8036000000000456E-002   
