     10   1.2999999999999991E-005
     30   2.1600000000000005E-004
     50   8.1900000000000115E-004
     70   1.7890000000000007E-003
     90   3.5590000000000014E-003
    110   5.8849999999999979E-003
    130   7.9979999999999982E-003
    150   1.3707999999999998E-002
    170   1.8178000000000000E-002
    190   2.5148000000000004E-002
    210   3.6814000000000013E-002
    230   4.9406999999999979E-002
    250   7.3414999999999953E-002
    270   7.5106000000000006E-002
    290   9.4656999999999991E-002
    310  0.12699499999999997     
    330  0.14091600000000004     
    350  0.16695300000000013     
    370  0.20888400000000007     
    390  0.24075200000000008     
    410  0.27676399999999957     
    430  0.32275599999999960     
    450  0.37128600000000045     
    470  0.42151499999999942     
    490  0.48280699999999932     
    510  0.55933499999999992     
    530  0.61736599999999964     
    550  0.69472500000000004     
    570  0.80896100000000004     
    590  0.89160400000000095     
    610  0.95454699999999981     
    630   1.0972510000000000     
    650   1.1679440000000021     
    670   1.2816480000000006     
    690   1.4462000000000010     
    710   1.5539970000000025     
    730   1.7853549999999956     
    750   1.9088190000000012     
    770   2.1347840000000033     
    790   2.4082709999999992     
    810   2.6247660000000010     
    830   2.6995859999999965     
    850   3.3128379999999993     
    870   3.7656759999999991     
    890   4.3130700000000104     
    910   3.7789170000000070     
    930   5.0371430000000004     
    950   4.5510900000000021     
    970   6.0827110000000033     
    990   5.9483040000000074     
     10   4.9999999999997963E-006
     30   6.0000000000000157E-005
     50   2.3399999999999983E-004
     70   6.1500000000000010E-004
     90   1.3100000000000004E-003
    110   2.1429999999999991E-003
    130   2.6849999999999999E-003
    150   3.3100000000000004E-003
    170   4.1819999999999982E-003
    190   5.9079999999999966E-003
    210   8.1850000000000048E-003
    230   1.7564999999999997E-002
    250   1.4492000000000005E-002
    270   1.8296000000000007E-002
    290   2.1973999999999994E-002
    310   4.2887999999999982E-002
    330   3.4501999999999977E-002
    350   4.2227999999999988E-002
    370   5.1692999999999989E-002
    390   6.6435000000000022E-002
    410   8.1289999999999973E-002
    430   9.3484000000000012E-002
    450  0.10768500000000003     
    470  0.13766600000000007     
    490  0.15646100000000018     
    510  0.15058699999999980     
    530  0.19922599999999990     
    550  0.23655599999999977     
    570  0.26656700000000022     
    590  0.29779999999999962     
    610  0.32538000000000000     
    630  0.38479099999999988     
    650  0.38218400000000052     
    670  0.43288799999999927     
    690  0.47259299999999982     
    710  0.51637999999999984     
    730  0.57899899999999960     
    750  0.63705999999999996     
    770  0.70441500000000090     
    790  0.75426500000000019     
    810  0.87712500000000304     
    830  0.89461500000000171     
    850   1.0785839999999993     
    870   1.3869109999999978     
    890   1.5736710000000009     
    910   1.2085200000000000     
    930   2.8628399999999985     
    950   1.5357629999999958     
    970   4.0475160000000017     
    990   2.5733370000000022     
